
MP-1
c1	c2	c3	c4	c5	c6	c7	c8	c9	c10	c11	c12	c13	c14	c15	c16	c17	
-------------------------------------------------------------------------------------------------------------------------------------------------------------------------------------------
2	1	1	2	1	1	2	1	1	1	1	1	1	1	1	1	1	
-------------------------------------------------------------------------------------------------------------------------------------------------------------------------------------------
3	0	0	0	0	0	0	0	0	0	0	0	0	0	0	0	0	<=	1  x1
0	2	0	0	0	0	0	0	0	0	0	0	0	0	0	0	0	<=	1  x2
0	0	2	0	0	0	0	0	0	0	0	0	0	0	0	0	0	<=	1  x3
0	0	0	2	0	0	0	0	0	0	0	0	0	0	0	0	0	<=	1  x4
0	0	0	0	1	0	0	0	0	0	0	0	0	0	0	0	0	<=	1  x5
0	0	0	0	0	1	0	0	0	0	0	0	0	0	0	0	0	<=	1  x6
0	0	0	0	0	0	3	0	0	0	0	0	0	0	0	0	0	<=	1  x7
0	0	0	0	0	0	0	4	0	0	0	0	0	0	0	0	0	<=	1  x8
0	0	0	0	0	0	0	0	3	0	0	0	0	0	0	0	0	<=	1  x9
0	0	0	0	0	0	0	0	0	4	0	0	0	0	0	0	0	<=	1  x10
0	0	0	0	0	0	0	0	0	0	1	0	0	0	0	0	0	<=	1  x11
0	0	0	0	0	0	0	0	0	0	0	5	0	0	0	0	0	<=	1  x12
0	0	0	0	0	0	0	0	0	0	0	0	3	0	0	0	0	<=	1  x13
0	0	0	0	0	0	0	0	0	0	0	0	0	1	0	0	0	<=	1  x14
0	0	0	0	0	0	0	0	0	0	0	0	0	0	1	0	0	<=	1  x15
0	0	0	0	0	0	0	0	0	0	0	0	0	0	0	1	0	<=	1  x16
0	0	0	0	0	0	0	0	0	0	0	0	0	0	0	0	3	<=	1  x17


MP-2
c1	c2	c3	c4	c5	c6	c7	c8	c9	c10	c11	c12	c13	c14	c15	c16	c17	
-------------------------------------------------------------------------------------------------------------------------------------------------------------------------------------------
2	1	1	2	1	1	2	1	1	1	1	1	1	1	1	1	1	
-------------------------------------------------------------------------------------------------------------------------------------------------------------------------------------------
3	0	0	0	0	0	0	0	0	0	0	0	0	0	0	0	0	<=	1  x1
0	2	0	0	0	0	0	0	0	0	0	0	0	0	0	0	0	<=	1  x2
0	0	2	0	0	0	0	0	0	0	0	0	0	0	0	0	0	<=	1  x3
0	0	0	2	0	0	0	0	0	0	0	0	0	0	0	0	0	<=	1  x4
0	0	0	0	1	0	0	0	0	0	0	0	0	0	0	0	0	<=	1  x5
0	0	0	0	0	1	0	0	0	0	0	0	0	0	0	0	0	<=	1  x6
0	0	0	0	0	0	3	0	0	0	0	0	0	0	0	0	0	<=	1  x7
0	0	0	0	0	0	0	4	0	0	0	0	0	0	0	0	0	<=	1  x8
0	0	0	0	0	0	0	0	3	0	0	0	0	0	0	0	0	<=	1  x9
0	0	0	0	0	0	0	0	0	4	0	0	0	0	0	0	0	<=	1  x10
0	0	0	0	0	0	0	0	0	0	1	0	0	0	0	0	0	<=	1  x11
0	0	0	0	0	0	0	0	0	0	0	5	0	0	0	0	0	<=	1  x12
0	0	0	0	0	0	0	0	0	0	0	0	3	0	0	0	0	<=	1  x13
0	0	0	0	0	0	0	0	0	0	0	0	0	1	0	0	0	<=	1  x14
0	0	0	0	0	0	0	0	0	0	0	0	0	0	1	0	0	<=	1  x15
0	0	0	0	0	0	0	0	0	0	0	0	0	0	0	1	0	<=	1  x16
0	0	0	0	0	0	0	0	0	0	0	0	0	0	0	0	3	<=	1  x17
0	0	0	0	0	0	1	0	0	1	1	0	0	0	0	0	0	<=	1  x18


MP-3
c1	c2	c3	c4	c5	c6	c7	c8	c9	c10	c11	c12	c13	c14	c15	c16	c17	
-------------------------------------------------------------------------------------------------------------------------------------------------------------------------------------------
2	1	1	2	1	1	2	1	1	1	1	1	1	1	1	1	1	
-------------------------------------------------------------------------------------------------------------------------------------------------------------------------------------------
3	0	0	0	0	0	0	0	0	0	0	0	0	0	0	0	0	<=	1  x1
0	2	0	0	0	0	0	0	0	0	0	0	0	0	0	0	0	<=	1  x2
0	0	2	0	0	0	0	0	0	0	0	0	0	0	0	0	0	<=	1  x3
0	0	0	2	0	0	0	0	0	0	0	0	0	0	0	0	0	<=	1  x4
0	0	0	0	1	0	0	0	0	0	0	0	0	0	0	0	0	<=	1  x5
0	0	0	0	0	1	0	0	0	0	0	0	0	0	0	0	0	<=	1  x6
0	0	0	0	0	0	3	0	0	0	0	0	0	0	0	0	0	<=	1  x7
0	0	0	0	0	0	0	4	0	0	0	0	0	0	0	0	0	<=	1  x8
0	0	0	0	0	0	0	0	3	0	0	0	0	0	0	0	0	<=	1  x9
0	0	0	0	0	0	0	0	0	4	0	0	0	0	0	0	0	<=	1  x10
0	0	0	0	0	0	0	0	0	0	1	0	0	0	0	0	0	<=	1  x11
0	0	0	0	0	0	0	0	0	0	0	5	0	0	0	0	0	<=	1  x12
0	0	0	0	0	0	0	0	0	0	0	0	3	0	0	0	0	<=	1  x13
0	0	0	0	0	0	0	0	0	0	0	0	0	1	0	0	0	<=	1  x14
0	0	0	0	0	0	0	0	0	0	0	0	0	0	1	0	0	<=	1  x15
0	0	0	0	0	0	0	0	0	0	0	0	0	0	0	1	0	<=	1  x16
0	0	0	0	0	0	0	0	0	0	0	0	0	0	0	0	3	<=	1  x17
0	0	0	0	0	0	1	0	0	1	1	0	0	0	0	0	0	<=	1  x18
0	0	0	0	0	0	1	0	0	0	0	1	0	1	0	0	0	<=	1  x19


MP-4
c1	c2	c3	c4	c5	c6	c7	c8	c9	c10	c11	c12	c13	c14	c15	c16	c17	
-------------------------------------------------------------------------------------------------------------------------------------------------------------------------------------------
2	1	1	2	1	1	2	1	1	1	1	1	1	1	1	1	1	
-------------------------------------------------------------------------------------------------------------------------------------------------------------------------------------------
3	0	0	0	0	0	0	0	0	0	0	0	0	0	0	0	0	<=	1  x1
0	2	0	0	0	0	0	0	0	0	0	0	0	0	0	0	0	<=	1  x2
0	0	2	0	0	0	0	0	0	0	0	0	0	0	0	0	0	<=	1  x3
0	0	0	2	0	0	0	0	0	0	0	0	0	0	0	0	0	<=	1  x4
0	0	0	0	1	0	0	0	0	0	0	0	0	0	0	0	0	<=	1  x5
0	0	0	0	0	1	0	0	0	0	0	0	0	0	0	0	0	<=	1  x6
0	0	0	0	0	0	3	0	0	0	0	0	0	0	0	0	0	<=	1  x7
0	0	0	0	0	0	0	4	0	0	0	0	0	0	0	0	0	<=	1  x8
0	0	0	0	0	0	0	0	3	0	0	0	0	0	0	0	0	<=	1  x9
0	0	0	0	0	0	0	0	0	4	0	0	0	0	0	0	0	<=	1  x10
0	0	0	0	0	0	0	0	0	0	1	0	0	0	0	0	0	<=	1  x11
0	0	0	0	0	0	0	0	0	0	0	5	0	0	0	0	0	<=	1  x12
0	0	0	0	0	0	0	0	0	0	0	0	3	0	0	0	0	<=	1  x13
0	0	0	0	0	0	0	0	0	0	0	0	0	1	0	0	0	<=	1  x14
0	0	0	0	0	0	0	0	0	0	0	0	0	0	1	0	0	<=	1  x15
0	0	0	0	0	0	0	0	0	0	0	0	0	0	0	1	0	<=	1  x16
0	0	0	0	0	0	0	0	0	0	0	0	0	0	0	0	3	<=	1  x17
0	0	0	0	0	0	1	0	0	1	1	0	0	0	0	0	0	<=	1  x18
0	0	0	0	0	0	1	0	0	0	0	1	0	1	0	0	0	<=	1  x19
0	0	0	1	0	0	0	0	0	0	0	0	0	0	0	1	0	<=	1  x20


MP-5
c1	c2	c3	c4	c5	c6	c7	c8	c9	c10	c11	c12	c13	c14	c15	c16	c17	
-------------------------------------------------------------------------------------------------------------------------------------------------------------------------------------------
2	1	1	2	1	1	2	1	1	1	1	1	1	1	1	1	1	
-------------------------------------------------------------------------------------------------------------------------------------------------------------------------------------------
3	0	0	0	0	0	0	0	0	0	0	0	0	0	0	0	0	<=	1  x1
0	2	0	0	0	0	0	0	0	0	0	0	0	0	0	0	0	<=	1  x2
0	0	2	0	0	0	0	0	0	0	0	0	0	0	0	0	0	<=	1  x3
0	0	0	2	0	0	0	0	0	0	0	0	0	0	0	0	0	<=	1  x4
0	0	0	0	1	0	0	0	0	0	0	0	0	0	0	0	0	<=	1  x5
0	0	0	0	0	1	0	0	0	0	0	0	0	0	0	0	0	<=	1  x6
0	0	0	0	0	0	3	0	0	0	0	0	0	0	0	0	0	<=	1  x7
0	0	0	0	0	0	0	4	0	0	0	0	0	0	0	0	0	<=	1  x8
0	0	0	0	0	0	0	0	3	0	0	0	0	0	0	0	0	<=	1  x9
0	0	0	0	0	0	0	0	0	4	0	0	0	0	0	0	0	<=	1  x10
0	0	0	0	0	0	0	0	0	0	1	0	0	0	0	0	0	<=	1  x11
0	0	0	0	0	0	0	0	0	0	0	5	0	0	0	0	0	<=	1  x12
0	0	0	0	0	0	0	0	0	0	0	0	3	0	0	0	0	<=	1  x13
0	0	0	0	0	0	0	0	0	0	0	0	0	1	0	0	0	<=	1  x14
0	0	0	0	0	0	0	0	0	0	0	0	0	0	1	0	0	<=	1  x15
0	0	0	0	0	0	0	0	0	0	0	0	0	0	0	1	0	<=	1  x16
0	0	0	0	0	0	0	0	0	0	0	0	0	0	0	0	3	<=	1  x17
0	0	0	0	0	0	1	0	0	1	1	0	0	0	0	0	0	<=	1  x18
0	0	0	0	0	0	1	0	0	0	0	1	0	1	0	0	0	<=	1  x19
0	0	0	1	0	0	0	0	0	0	0	0	0	0	0	1	0	<=	1  x20
0	0	0	1	0	0	0	0	0	0	0	0	0	0	1	0	0	<=	1  x21


MP-6
c1	c2	c3	c4	c5	c6	c7	c8	c9	c10	c11	c12	c13	c14	c15	c16	c17	
-------------------------------------------------------------------------------------------------------------------------------------------------------------------------------------------
2	1	1	2	1	1	2	1	1	1	1	1	1	1	1	1	1	
-------------------------------------------------------------------------------------------------------------------------------------------------------------------------------------------
3	0	0	0	0	0	0	0	0	0	0	0	0	0	0	0	0	<=	1  x1
0	2	0	0	0	0	0	0	0	0	0	0	0	0	0	0	0	<=	1  x2
0	0	2	0	0	0	0	0	0	0	0	0	0	0	0	0	0	<=	1  x3
0	0	0	2	0	0	0	0	0	0	0	0	0	0	0	0	0	<=	1  x4
0	0	0	0	1	0	0	0	0	0	0	0	0	0	0	0	0	<=	1  x5
0	0	0	0	0	1	0	0	0	0	0	0	0	0	0	0	0	<=	1  x6
0	0	0	0	0	0	3	0	0	0	0	0	0	0	0	0	0	<=	1  x7
0	0	0	0	0	0	0	4	0	0	0	0	0	0	0	0	0	<=	1  x8
0	0	0	0	0	0	0	0	3	0	0	0	0	0	0	0	0	<=	1  x9
0	0	0	0	0	0	0	0	0	4	0	0	0	0	0	0	0	<=	1  x10
0	0	0	0	0	0	0	0	0	0	1	0	0	0	0	0	0	<=	1  x11
0	0	0	0	0	0	0	0	0	0	0	5	0	0	0	0	0	<=	1  x12
0	0	0	0	0	0	0	0	0	0	0	0	3	0	0	0	0	<=	1  x13
0	0	0	0	0	0	0	0	0	0	0	0	0	1	0	0	0	<=	1  x14
0	0	0	0	0	0	0	0	0	0	0	0	0	0	1	0	0	<=	1  x15
0	0	0	0	0	0	0	0	0	0	0	0	0	0	0	1	0	<=	1  x16
0	0	0	0	0	0	0	0	0	0	0	0	0	0	0	0	3	<=	1  x17
0	0	0	0	0	0	1	0	0	1	1	0	0	0	0	0	0	<=	1  x18
0	0	0	0	0	0	1	0	0	0	0	1	0	1	0	0	0	<=	1  x19
0	0	0	1	0	0	0	0	0	0	0	0	0	0	0	1	0	<=	1  x20
0	0	0	1	0	0	0	0	0	0	0	0	0	0	1	0	0	<=	1  x21
0	0	0	1	0	1	0	0	0	0	0	0	0	0	0	0	0	<=	1  x22


MP-7
c1	c2	c3	c4	c5	c6	c7	c8	c9	c10	c11	c12	c13	c14	c15	c16	c17	
-------------------------------------------------------------------------------------------------------------------------------------------------------------------------------------------
2	1	1	2	1	1	2	1	1	1	1	1	1	1	1	1	1	
-------------------------------------------------------------------------------------------------------------------------------------------------------------------------------------------
3	0	0	0	0	0	0	0	0	0	0	0	0	0	0	0	0	<=	1  x1
0	2	0	0	0	0	0	0	0	0	0	0	0	0	0	0	0	<=	1  x2
0	0	2	0	0	0	0	0	0	0	0	0	0	0	0	0	0	<=	1  x3
0	0	0	2	0	0	0	0	0	0	0	0	0	0	0	0	0	<=	1  x4
0	0	0	0	1	0	0	0	0	0	0	0	0	0	0	0	0	<=	1  x5
0	0	0	0	0	1	0	0	0	0	0	0	0	0	0	0	0	<=	1  x6
0	0	0	0	0	0	3	0	0	0	0	0	0	0	0	0	0	<=	1  x7
0	0	0	0	0	0	0	4	0	0	0	0	0	0	0	0	0	<=	1  x8
0	0	0	0	0	0	0	0	3	0	0	0	0	0	0	0	0	<=	1  x9
0	0	0	0	0	0	0	0	0	4	0	0	0	0	0	0	0	<=	1  x10
0	0	0	0	0	0	0	0	0	0	1	0	0	0	0	0	0	<=	1  x11
0	0	0	0	0	0	0	0	0	0	0	5	0	0	0	0	0	<=	1  x12
0	0	0	0	0	0	0	0	0	0	0	0	3	0	0	0	0	<=	1  x13
0	0	0	0	0	0	0	0	0	0	0	0	0	1	0	0	0	<=	1  x14
0	0	0	0	0	0	0	0	0	0	0	0	0	0	1	0	0	<=	1  x15
0	0	0	0	0	0	0	0	0	0	0	0	0	0	0	1	0	<=	1  x16
0	0	0	0	0	0	0	0	0	0	0	0	0	0	0	0	3	<=	1  x17
0	0	0	0	0	0	1	0	0	1	1	0	0	0	0	0	0	<=	1  x18
0	0	0	0	0	0	1	0	0	0	0	1	0	1	0	0	0	<=	1  x19
0	0	0	1	0	0	0	0	0	0	0	0	0	0	0	1	0	<=	1  x20
0	0	0	1	0	0	0	0	0	0	0	0	0	0	1	0	0	<=	1  x21
0	0	0	1	0	1	0	0	0	0	0	0	0	0	0	0	0	<=	1  x22
0	0	1	0	0	0	0	0	0	0	1	0	0	0	0	0	0	<=	1  x23


MP-8
c1	c2	c3	c4	c5	c6	c7	c8	c9	c10	c11	c12	c13	c14	c15	c16	c17	
-------------------------------------------------------------------------------------------------------------------------------------------------------------------------------------------
2	1	1	2	1	1	2	1	1	1	1	1	1	1	1	1	1	
-------------------------------------------------------------------------------------------------------------------------------------------------------------------------------------------
3	0	0	0	0	0	0	0	0	0	0	0	0	0	0	0	0	<=	1  x1
0	2	0	0	0	0	0	0	0	0	0	0	0	0	0	0	0	<=	1  x2
0	0	2	0	0	0	0	0	0	0	0	0	0	0	0	0	0	<=	1  x3
0	0	0	2	0	0	0	0	0	0	0	0	0	0	0	0	0	<=	1  x4
0	0	0	0	1	0	0	0	0	0	0	0	0	0	0	0	0	<=	1  x5
0	0	0	0	0	1	0	0	0	0	0	0	0	0	0	0	0	<=	1  x6
0	0	0	0	0	0	3	0	0	0	0	0	0	0	0	0	0	<=	1  x7
0	0	0	0	0	0	0	4	0	0	0	0	0	0	0	0	0	<=	1  x8
0	0	0	0	0	0	0	0	3	0	0	0	0	0	0	0	0	<=	1  x9
0	0	0	0	0	0	0	0	0	4	0	0	0	0	0	0	0	<=	1  x10
0	0	0	0	0	0	0	0	0	0	1	0	0	0	0	0	0	<=	1  x11
0	0	0	0	0	0	0	0	0	0	0	5	0	0	0	0	0	<=	1  x12
0	0	0	0	0	0	0	0	0	0	0	0	3	0	0	0	0	<=	1  x13
0	0	0	0	0	0	0	0	0	0	0	0	0	1	0	0	0	<=	1  x14
0	0	0	0	0	0	0	0	0	0	0	0	0	0	1	0	0	<=	1  x15
0	0	0	0	0	0	0	0	0	0	0	0	0	0	0	1	0	<=	1  x16
0	0	0	0	0	0	0	0	0	0	0	0	0	0	0	0	3	<=	1  x17
0	0	0	0	0	0	1	0	0	1	1	0	0	0	0	0	0	<=	1  x18
0	0	0	0	0	0	1	0	0	0	0	1	0	1	0	0	0	<=	1  x19
0	0	0	1	0	0	0	0	0	0	0	0	0	0	0	1	0	<=	1  x20
0	0	0	1	0	0	0	0	0	0	0	0	0	0	1	0	0	<=	1  x21
0	0	0	1	0	1	0	0	0	0	0	0	0	0	0	0	0	<=	1  x22
0	0	1	0	0	0	0	0	0	0	1	0	0	0	0	0	0	<=	1  x23
1	0	0	0	0	0	0	0	0	0	0	0	0	0	0	1	0	<=	1  x24


MP-9
c1	c2	c3	c4	c5	c6	c7	c8	c9	c10	c11	c12	c13	c14	c15	c16	c17	
-------------------------------------------------------------------------------------------------------------------------------------------------------------------------------------------
2	1	1	2	1	1	2	1	1	1	1	1	1	1	1	1	1	
-------------------------------------------------------------------------------------------------------------------------------------------------------------------------------------------
3	0	0	0	0	0	0	0	0	0	0	0	0	0	0	0	0	<=	1  x1
0	2	0	0	0	0	0	0	0	0	0	0	0	0	0	0	0	<=	1  x2
0	0	2	0	0	0	0	0	0	0	0	0	0	0	0	0	0	<=	1  x3
0	0	0	2	0	0	0	0	0	0	0	0	0	0	0	0	0	<=	1  x4
0	0	0	0	1	0	0	0	0	0	0	0	0	0	0	0	0	<=	1  x5
0	0	0	0	0	1	0	0	0	0	0	0	0	0	0	0	0	<=	1  x6
0	0	0	0	0	0	3	0	0	0	0	0	0	0	0	0	0	<=	1  x7
0	0	0	0	0	0	0	4	0	0	0	0	0	0	0	0	0	<=	1  x8
0	0	0	0	0	0	0	0	3	0	0	0	0	0	0	0	0	<=	1  x9
0	0	0	0	0	0	0	0	0	4	0	0	0	0	0	0	0	<=	1  x10
0	0	0	0	0	0	0	0	0	0	1	0	0	0	0	0	0	<=	1  x11
0	0	0	0	0	0	0	0	0	0	0	5	0	0	0	0	0	<=	1  x12
0	0	0	0	0	0	0	0	0	0	0	0	3	0	0	0	0	<=	1  x13
0	0	0	0	0	0	0	0	0	0	0	0	0	1	0	0	0	<=	1  x14
0	0	0	0	0	0	0	0	0	0	0	0	0	0	1	0	0	<=	1  x15
0	0	0	0	0	0	0	0	0	0	0	0	0	0	0	1	0	<=	1  x16
0	0	0	0	0	0	0	0	0	0	0	0	0	0	0	0	3	<=	1  x17
0	0	0	0	0	0	1	0	0	1	1	0	0	0	0	0	0	<=	1  x18
0	0	0	0	0	0	1	0	0	0	0	1	0	1	0	0	0	<=	1  x19
0	0	0	1	0	0	0	0	0	0	0	0	0	0	0	1	0	<=	1  x20
0	0	0	1	0	0	0	0	0	0	0	0	0	0	1	0	0	<=	1  x21
0	0	0	1	0	1	0	0	0	0	0	0	0	0	0	0	0	<=	1  x22
0	0	1	0	0	0	0	0	0	0	1	0	0	0	0	0	0	<=	1  x23
1	0	0	0	0	0	0	0	0	0	0	0	0	0	0	1	0	<=	1  x24
0	0	0	0	1	0	0	0	0	0	0	2	0	0	0	0	0	<=	1  x25


MP-10
c1	c2	c3	c4	c5	c6	c7	c8	c9	c10	c11	c12	c13	c14	c15	c16	c17	
-------------------------------------------------------------------------------------------------------------------------------------------------------------------------------------------
2	1	1	2	1	1	2	1	1	1	1	1	1	1	1	1	1	
-------------------------------------------------------------------------------------------------------------------------------------------------------------------------------------------
3	0	0	0	0	0	0	0	0	0	0	0	0	0	0	0	0	<=	1  x1
0	2	0	0	0	0	0	0	0	0	0	0	0	0	0	0	0	<=	1  x2
0	0	2	0	0	0	0	0	0	0	0	0	0	0	0	0	0	<=	1  x3
0	0	0	2	0	0	0	0	0	0	0	0	0	0	0	0	0	<=	1  x4
0	0	0	0	1	0	0	0	0	0	0	0	0	0	0	0	0	<=	1  x5
0	0	0	0	0	1	0	0	0	0	0	0	0	0	0	0	0	<=	1  x6
0	0	0	0	0	0	3	0	0	0	0	0	0	0	0	0	0	<=	1  x7
0	0	0	0	0	0	0	4	0	0	0	0	0	0	0	0	0	<=	1  x8
0	0	0	0	0	0	0	0	3	0	0	0	0	0	0	0	0	<=	1  x9
0	0	0	0	0	0	0	0	0	4	0	0	0	0	0	0	0	<=	1  x10
0	0	0	0	0	0	0	0	0	0	1	0	0	0	0	0	0	<=	1  x11
0	0	0	0	0	0	0	0	0	0	0	5	0	0	0	0	0	<=	1  x12
0	0	0	0	0	0	0	0	0	0	0	0	3	0	0	0	0	<=	1  x13
0	0	0	0	0	0	0	0	0	0	0	0	0	1	0	0	0	<=	1  x14
0	0	0	0	0	0	0	0	0	0	0	0	0	0	1	0	0	<=	1  x15
0	0	0	0	0	0	0	0	0	0	0	0	0	0	0	1	0	<=	1  x16
0	0	0	0	0	0	0	0	0	0	0	0	0	0	0	0	3	<=	1  x17
0	0	0	0	0	0	1	0	0	1	1	0	0	0	0	0	0	<=	1  x18
0	0	0	0	0	0	1	0	0	0	0	1	0	1	0	0	0	<=	1  x19
0	0	0	1	0	0	0	0	0	0	0	0	0	0	0	1	0	<=	1  x20
0	0	0	1	0	0	0	0	0	0	0	0	0	0	1	0	0	<=	1  x21
0	0	0	1	0	1	0	0	0	0	0	0	0	0	0	0	0	<=	1  x22
0	0	1	0	0	0	0	0	0	0	1	0	0	0	0	0	0	<=	1  x23
1	0	0	0	0	0	0	0	0	0	0	0	0	0	0	1	0	<=	1  x24
0	0	0	0	1	0	0	0	0	0	0	2	0	0	0	0	0	<=	1  x25
1	0	0	0	1	0	0	0	0	0	0	0	0	0	0	0	0	<=	1  x26


MP-11
c1	c2	c3	c4	c5	c6	c7	c8	c9	c10	c11	c12	c13	c14	c15	c16	c17	
-------------------------------------------------------------------------------------------------------------------------------------------------------------------------------------------
2	1	1	2	1	1	2	1	1	1	1	1	1	1	1	1	1	
-------------------------------------------------------------------------------------------------------------------------------------------------------------------------------------------
3	0	0	0	0	0	0	0	0	0	0	0	0	0	0	0	0	<=	1  x1
0	2	0	0	0	0	0	0	0	0	0	0	0	0	0	0	0	<=	1  x2
0	0	2	0	0	0	0	0	0	0	0	0	0	0	0	0	0	<=	1  x3
0	0	0	2	0	0	0	0	0	0	0	0	0	0	0	0	0	<=	1  x4
0	0	0	0	1	0	0	0	0	0	0	0	0	0	0	0	0	<=	1  x5
0	0	0	0	0	1	0	0	0	0	0	0	0	0	0	0	0	<=	1  x6
0	0	0	0	0	0	3	0	0	0	0	0	0	0	0	0	0	<=	1  x7
0	0	0	0	0	0	0	4	0	0	0	0	0	0	0	0	0	<=	1  x8
0	0	0	0	0	0	0	0	3	0	0	0	0	0	0	0	0	<=	1  x9
0	0	0	0	0	0	0	0	0	4	0	0	0	0	0	0	0	<=	1  x10
0	0	0	0	0	0	0	0	0	0	1	0	0	0	0	0	0	<=	1  x11
0	0	0	0	0	0	0	0	0	0	0	5	0	0	0	0	0	<=	1  x12
0	0	0	0	0	0	0	0	0	0	0	0	3	0	0	0	0	<=	1  x13
0	0	0	0	0	0	0	0	0	0	0	0	0	1	0	0	0	<=	1  x14
0	0	0	0	0	0	0	0	0	0	0	0	0	0	1	0	0	<=	1  x15
0	0	0	0	0	0	0	0	0	0	0	0	0	0	0	1	0	<=	1  x16
0	0	0	0	0	0	0	0	0	0	0	0	0	0	0	0	3	<=	1  x17
0	0	0	0	0	0	1	0	0	1	1	0	0	0	0	0	0	<=	1  x18
0	0	0	0	0	0	1	0	0	0	0	1	0	1	0	0	0	<=	1  x19
0	0	0	1	0	0	0	0	0	0	0	0	0	0	0	1	0	<=	1  x20
0	0	0	1	0	0	0	0	0	0	0	0	0	0	1	0	0	<=	1  x21
0	0	0	1	0	1	0	0	0	0	0	0	0	0	0	0	0	<=	1  x22
0	0	1	0	0	0	0	0	0	0	1	0	0	0	0	0	0	<=	1  x23
1	0	0	0	0	0	0	0	0	0	0	0	0	0	0	1	0	<=	1  x24
0	0	0	0	1	0	0	0	0	0	0	2	0	0	0	0	0	<=	1  x25
1	0	0	0	1	0	0	0	0	0	0	0	0	0	0	0	0	<=	1  x26
0	0	0	0	0	0	3	0	0	1	0	0	0	0	0	0	0	<=	1  x27


MP-12
c1	c2	c3	c4	c5	c6	c7	c8	c9	c10	c11	c12	c13	c14	c15	c16	c17	
-------------------------------------------------------------------------------------------------------------------------------------------------------------------------------------------
2	1	1	2	1	1	2	1	1	1	1	1	1	1	1	1	1	
-------------------------------------------------------------------------------------------------------------------------------------------------------------------------------------------
3	0	0	0	0	0	0	0	0	0	0	0	0	0	0	0	0	<=	1  x1
0	2	0	0	0	0	0	0	0	0	0	0	0	0	0	0	0	<=	1  x2
0	0	2	0	0	0	0	0	0	0	0	0	0	0	0	0	0	<=	1  x3
0	0	0	2	0	0	0	0	0	0	0	0	0	0	0	0	0	<=	1  x4
0	0	0	0	1	0	0	0	0	0	0	0	0	0	0	0	0	<=	1  x5
0	0	0	0	0	1	0	0	0	0	0	0	0	0	0	0	0	<=	1  x6
0	0	0	0	0	0	3	0	0	0	0	0	0	0	0	0	0	<=	1  x7
0	0	0	0	0	0	0	4	0	0	0	0	0	0	0	0	0	<=	1  x8
0	0	0	0	0	0	0	0	3	0	0	0	0	0	0	0	0	<=	1  x9
0	0	0	0	0	0	0	0	0	4	0	0	0	0	0	0	0	<=	1  x10
0	0	0	0	0	0	0	0	0	0	1	0	0	0	0	0	0	<=	1  x11
0	0	0	0	0	0	0	0	0	0	0	5	0	0	0	0	0	<=	1  x12
0	0	0	0	0	0	0	0	0	0	0	0	3	0	0	0	0	<=	1  x13
0	0	0	0	0	0	0	0	0	0	0	0	0	1	0	0	0	<=	1  x14
0	0	0	0	0	0	0	0	0	0	0	0	0	0	1	0	0	<=	1  x15
0	0	0	0	0	0	0	0	0	0	0	0	0	0	0	1	0	<=	1  x16
0	0	0	0	0	0	0	0	0	0	0	0	0	0	0	0	3	<=	1  x17
0	0	0	0	0	0	1	0	0	1	1	0	0	0	0	0	0	<=	1  x18
0	0	0	0	0	0	1	0	0	0	0	1	0	1	0	0	0	<=	1  x19
0	0	0	1	0	0	0	0	0	0	0	0	0	0	0	1	0	<=	1  x20
0	0	0	1	0	0	0	0	0	0	0	0	0	0	1	0	0	<=	1  x21
0	0	0	1	0	1	0	0	0	0	0	0	0	0	0	0	0	<=	1  x22
0	0	1	0	0	0	0	0	0	0	1	0	0	0	0	0	0	<=	1  x23
1	0	0	0	0	0	0	0	0	0	0	0	0	0	0	1	0	<=	1  x24
0	0	0	0	1	0	0	0	0	0	0	2	0	0	0	0	0	<=	1  x25
1	0	0	0	1	0	0	0	0	0	0	0	0	0	0	0	0	<=	1  x26
0	0	0	0	0	0	3	0	0	1	0	0	0	0	0	0	0	<=	1  x27
2	0	0	0	0	0	0	0	0	2	0	0	0	0	0	0	0	<=	1  x28


MP-13
c1	c2	c3	c4	c5	c6	c7	c8	c9	c10	c11	c12	c13	c14	c15	c16	c17	
-------------------------------------------------------------------------------------------------------------------------------------------------------------------------------------------
2	1	1	2	1	1	2	1	1	1	1	1	1	1	1	1	1	
-------------------------------------------------------------------------------------------------------------------------------------------------------------------------------------------
3	0	0	0	0	0	0	0	0	0	0	0	0	0	0	0	0	<=	1  x1
0	2	0	0	0	0	0	0	0	0	0	0	0	0	0	0	0	<=	1  x2
0	0	2	0	0	0	0	0	0	0	0	0	0	0	0	0	0	<=	1  x3
0	0	0	2	0	0	0	0	0	0	0	0	0	0	0	0	0	<=	1  x4
0	0	0	0	1	0	0	0	0	0	0	0	0	0	0	0	0	<=	1  x5
0	0	0	0	0	1	0	0	0	0	0	0	0	0	0	0	0	<=	1  x6
0	0	0	0	0	0	3	0	0	0	0	0	0	0	0	0	0	<=	1  x7
0	0	0	0	0	0	0	4	0	0	0	0	0	0	0	0	0	<=	1  x8
0	0	0	0	0	0	0	0	3	0	0	0	0	0	0	0	0	<=	1  x9
0	0	0	0	0	0	0	0	0	4	0	0	0	0	0	0	0	<=	1  x10
0	0	0	0	0	0	0	0	0	0	1	0	0	0	0	0	0	<=	1  x11
0	0	0	0	0	0	0	0	0	0	0	5	0	0	0	0	0	<=	1  x12
0	0	0	0	0	0	0	0	0	0	0	0	3	0	0	0	0	<=	1  x13
0	0	0	0	0	0	0	0	0	0	0	0	0	1	0	0	0	<=	1  x14
0	0	0	0	0	0	0	0	0	0	0	0	0	0	1	0	0	<=	1  x15
0	0	0	0	0	0	0	0	0	0	0	0	0	0	0	1	0	<=	1  x16
0	0	0	0	0	0	0	0	0	0	0	0	0	0	0	0	3	<=	1  x17
0	0	0	0	0	0	1	0	0	1	1	0	0	0	0	0	0	<=	1  x18
0	0	0	0	0	0	1	0	0	0	0	1	0	1	0	0	0	<=	1  x19
0	0	0	1	0	0	0	0	0	0	0	0	0	0	0	1	0	<=	1  x20
0	0	0	1	0	0	0	0	0	0	0	0	0	0	1	0	0	<=	1  x21
0	0	0	1	0	1	0	0	0	0	0	0	0	0	0	0	0	<=	1  x22
0	0	1	0	0	0	0	0	0	0	1	0	0	0	0	0	0	<=	1  x23
1	0	0	0	0	0	0	0	0	0	0	0	0	0	0	1	0	<=	1  x24
0	0	0	0	1	0	0	0	0	0	0	2	0	0	0	0	0	<=	1  x25
1	0	0	0	1	0	0	0	0	0	0	0	0	0	0	0	0	<=	1  x26
0	0	0	0	0	0	3	0	0	1	0	0	0	0	0	0	0	<=	1  x27
2	0	0	0	0	0	0	0	0	2	0	0	0	0	0	0	0	<=	1  x28
0	0	0	0	0	0	0	0	0	1	0	1	0	0	1	0	0	<=	1  x29


MP-14
c1	c2	c3	c4	c5	c6	c7	c8	c9	c10	c11	c12	c13	c14	c15	c16	c17	
-------------------------------------------------------------------------------------------------------------------------------------------------------------------------------------------
2	1	1	2	1	1	2	1	1	1	1	1	1	1	1	1	1	
-------------------------------------------------------------------------------------------------------------------------------------------------------------------------------------------
3	0	0	0	0	0	0	0	0	0	0	0	0	0	0	0	0	<=	1  x1
0	2	0	0	0	0	0	0	0	0	0	0	0	0	0	0	0	<=	1  x2
0	0	2	0	0	0	0	0	0	0	0	0	0	0	0	0	0	<=	1  x3
0	0	0	2	0	0	0	0	0	0	0	0	0	0	0	0	0	<=	1  x4
0	0	0	0	1	0	0	0	0	0	0	0	0	0	0	0	0	<=	1  x5
0	0	0	0	0	1	0	0	0	0	0	0	0	0	0	0	0	<=	1  x6
0	0	0	0	0	0	3	0	0	0	0	0	0	0	0	0	0	<=	1  x7
0	0	0	0	0	0	0	4	0	0	0	0	0	0	0	0	0	<=	1  x8
0	0	0	0	0	0	0	0	3	0	0	0	0	0	0	0	0	<=	1  x9
0	0	0	0	0	0	0	0	0	4	0	0	0	0	0	0	0	<=	1  x10
0	0	0	0	0	0	0	0	0	0	1	0	0	0	0	0	0	<=	1  x11
0	0	0	0	0	0	0	0	0	0	0	5	0	0	0	0	0	<=	1  x12
0	0	0	0	0	0	0	0	0	0	0	0	3	0	0	0	0	<=	1  x13
0	0	0	0	0	0	0	0	0	0	0	0	0	1	0	0	0	<=	1  x14
0	0	0	0	0	0	0	0	0	0	0	0	0	0	1	0	0	<=	1  x15
0	0	0	0	0	0	0	0	0	0	0	0	0	0	0	1	0	<=	1  x16
0	0	0	0	0	0	0	0	0	0	0	0	0	0	0	0	3	<=	1  x17
0	0	0	0	0	0	1	0	0	1	1	0	0	0	0	0	0	<=	1  x18
0	0	0	0	0	0	1	0	0	0	0	1	0	1	0	0	0	<=	1  x19
0	0	0	1	0	0	0	0	0	0	0	0	0	0	0	1	0	<=	1  x20
0	0	0	1	0	0	0	0	0	0	0	0	0	0	1	0	0	<=	1  x21
0	0	0	1	0	1	0	0	0	0	0	0	0	0	0	0	0	<=	1  x22
0	0	1	0	0	0	0	0	0	0	1	0	0	0	0	0	0	<=	1  x23
1	0	0	0	0	0	0	0	0	0	0	0	0	0	0	1	0	<=	1  x24
0	0	0	0	1	0	0	0	0	0	0	2	0	0	0	0	0	<=	1  x25
1	0	0	0	1	0	0	0	0	0	0	0	0	0	0	0	0	<=	1  x26
0	0	0	0	0	0	3	0	0	1	0	0	0	0	0	0	0	<=	1  x27
2	0	0	0	0	0	0	0	0	2	0	0	0	0	0	0	0	<=	1  x28
0	0	0	0	0	0	0	0	0	1	0	1	0	0	1	0	0	<=	1  x29
0	0	0	0	0	0	0	0	0	2	0	0	0	1	0	0	0	<=	1  x30


MP-15
c1	c2	c3	c4	c5	c6	c7	c8	c9	c10	c11	c12	c13	c14	c15	c16	c17	
-------------------------------------------------------------------------------------------------------------------------------------------------------------------------------------------
2	1	1	2	1	1	2	1	1	1	1	1	1	1	1	1	1	
-------------------------------------------------------------------------------------------------------------------------------------------------------------------------------------------
3	0	0	0	0	0	0	0	0	0	0	0	0	0	0	0	0	<=	1  x1
0	2	0	0	0	0	0	0	0	0	0	0	0	0	0	0	0	<=	1  x2
0	0	2	0	0	0	0	0	0	0	0	0	0	0	0	0	0	<=	1  x3
0	0	0	2	0	0	0	0	0	0	0	0	0	0	0	0	0	<=	1  x4
0	0	0	0	1	0	0	0	0	0	0	0	0	0	0	0	0	<=	1  x5
0	0	0	0	0	1	0	0	0	0	0	0	0	0	0	0	0	<=	1  x6
0	0	0	0	0	0	3	0	0	0	0	0	0	0	0	0	0	<=	1  x7
0	0	0	0	0	0	0	4	0	0	0	0	0	0	0	0	0	<=	1  x8
0	0	0	0	0	0	0	0	3	0	0	0	0	0	0	0	0	<=	1  x9
0	0	0	0	0	0	0	0	0	4	0	0	0	0	0	0	0	<=	1  x10
0	0	0	0	0	0	0	0	0	0	1	0	0	0	0	0	0	<=	1  x11
0	0	0	0	0	0	0	0	0	0	0	5	0	0	0	0	0	<=	1  x12
0	0	0	0	0	0	0	0	0	0	0	0	3	0	0	0	0	<=	1  x13
0	0	0	0	0	0	0	0	0	0	0	0	0	1	0	0	0	<=	1  x14
0	0	0	0	0	0	0	0	0	0	0	0	0	0	1	0	0	<=	1  x15
0	0	0	0	0	0	0	0	0	0	0	0	0	0	0	1	0	<=	1  x16
0	0	0	0	0	0	0	0	0	0	0	0	0	0	0	0	3	<=	1  x17
0	0	0	0	0	0	1	0	0	1	1	0	0	0	0	0	0	<=	1  x18
0	0	0	0	0	0	1	0	0	0	0	1	0	1	0	0	0	<=	1  x19
0	0	0	1	0	0	0	0	0	0	0	0	0	0	0	1	0	<=	1  x20
0	0	0	1	0	0	0	0	0	0	0	0	0	0	1	0	0	<=	1  x21
0	0	0	1	0	1	0	0	0	0	0	0	0	0	0	0	0	<=	1  x22
0	0	1	0	0	0	0	0	0	0	1	0	0	0	0	0	0	<=	1  x23
1	0	0	0	0	0	0	0	0	0	0	0	0	0	0	1	0	<=	1  x24
0	0	0	0	1	0	0	0	0	0	0	2	0	0	0	0	0	<=	1  x25
1	0	0	0	1	0	0	0	0	0	0	0	0	0	0	0	0	<=	1  x26
0	0	0	0	0	0	3	0	0	1	0	0	0	0	0	0	0	<=	1  x27
2	0	0	0	0	0	0	0	0	2	0	0	0	0	0	0	0	<=	1  x28
0	0	0	0	0	0	0	0	0	1	0	1	0	0	1	0	0	<=	1  x29
0	0	0	0	0	0	0	0	0	2	0	0	0	1	0	0	0	<=	1  x30
0	0	1	0	0	0	1	0	0	0	0	0	1	0	0	0	0	<=	1  x31


MP-16
c1	c2	c3	c4	c5	c6	c7	c8	c9	c10	c11	c12	c13	c14	c15	c16	c17	
-------------------------------------------------------------------------------------------------------------------------------------------------------------------------------------------
2	1	1	2	1	1	2	1	1	1	1	1	1	1	1	1	1	
-------------------------------------------------------------------------------------------------------------------------------------------------------------------------------------------
3	0	0	0	0	0	0	0	0	0	0	0	0	0	0	0	0	<=	1  x1
0	2	0	0	0	0	0	0	0	0	0	0	0	0	0	0	0	<=	1  x2
0	0	2	0	0	0	0	0	0	0	0	0	0	0	0	0	0	<=	1  x3
0	0	0	2	0	0	0	0	0	0	0	0	0	0	0	0	0	<=	1  x4
0	0	0	0	1	0	0	0	0	0	0	0	0	0	0	0	0	<=	1  x5
0	0	0	0	0	1	0	0	0	0	0	0	0	0	0	0	0	<=	1  x6
0	0	0	0	0	0	3	0	0	0	0	0	0	0	0	0	0	<=	1  x7
0	0	0	0	0	0	0	4	0	0	0	0	0	0	0	0	0	<=	1  x8
0	0	0	0	0	0	0	0	3	0	0	0	0	0	0	0	0	<=	1  x9
0	0	0	0	0	0	0	0	0	4	0	0	0	0	0	0	0	<=	1  x10
0	0	0	0	0	0	0	0	0	0	1	0	0	0	0	0	0	<=	1  x11
0	0	0	0	0	0	0	0	0	0	0	5	0	0	0	0	0	<=	1  x12
0	0	0	0	0	0	0	0	0	0	0	0	3	0	0	0	0	<=	1  x13
0	0	0	0	0	0	0	0	0	0	0	0	0	1	0	0	0	<=	1  x14
0	0	0	0	0	0	0	0	0	0	0	0	0	0	1	0	0	<=	1  x15
0	0	0	0	0	0	0	0	0	0	0	0	0	0	0	1	0	<=	1  x16
0	0	0	0	0	0	0	0	0	0	0	0	0	0	0	0	3	<=	1  x17
0	0	0	0	0	0	1	0	0	1	1	0	0	0	0	0	0	<=	1  x18
0	0	0	0	0	0	1	0	0	0	0	1	0	1	0	0	0	<=	1  x19
0	0	0	1	0	0	0	0	0	0	0	0	0	0	0	1	0	<=	1  x20
0	0	0	1	0	0	0	0	0	0	0	0	0	0	1	0	0	<=	1  x21
0	0	0	1	0	1	0	0	0	0	0	0	0	0	0	0	0	<=	1  x22
0	0	1	0	0	0	0	0	0	0	1	0	0	0	0	0	0	<=	1  x23
1	0	0	0	0	0	0	0	0	0	0	0	0	0	0	1	0	<=	1  x24
0	0	0	0	1	0	0	0	0	0	0	2	0	0	0	0	0	<=	1  x25
1	0	0	0	1	0	0	0	0	0	0	0	0	0	0	0	0	<=	1  x26
0	0	0	0	0	0	3	0	0	1	0	0	0	0	0	0	0	<=	1  x27
2	0	0	0	0	0	0	0	0	2	0	0	0	0	0	0	0	<=	1  x28
0	0	0	0	0	0	0	0	0	1	0	1	0	0	1	0	0	<=	1  x29
0	0	0	0	0	0	0	0	0	2	0	0	0	1	0	0	0	<=	1  x30
0	0	1	0	0	0	1	0	0	0	0	0	1	0	0	0	0	<=	1  x31
0	1	0	0	0	0	0	1	0	0	0	0	1	0	0	0	0	<=	1  x32


MP-17
c1	c2	c3	c4	c5	c6	c7	c8	c9	c10	c11	c12	c13	c14	c15	c16	c17	
-------------------------------------------------------------------------------------------------------------------------------------------------------------------------------------------
2	1	1	2	1	1	2	1	1	1	1	1	1	1	1	1	1	
-------------------------------------------------------------------------------------------------------------------------------------------------------------------------------------------
3	0	0	0	0	0	0	0	0	0	0	0	0	0	0	0	0	<=	1  x1
0	2	0	0	0	0	0	0	0	0	0	0	0	0	0	0	0	<=	1  x2
0	0	2	0	0	0	0	0	0	0	0	0	0	0	0	0	0	<=	1  x3
0	0	0	2	0	0	0	0	0	0	0	0	0	0	0	0	0	<=	1  x4
0	0	0	0	1	0	0	0	0	0	0	0	0	0	0	0	0	<=	1  x5
0	0	0	0	0	1	0	0	0	0	0	0	0	0	0	0	0	<=	1  x6
0	0	0	0	0	0	3	0	0	0	0	0	0	0	0	0	0	<=	1  x7
0	0	0	0	0	0	0	4	0	0	0	0	0	0	0	0	0	<=	1  x8
0	0	0	0	0	0	0	0	3	0	0	0	0	0	0	0	0	<=	1  x9
0	0	0	0	0	0	0	0	0	4	0	0	0	0	0	0	0	<=	1  x10
0	0	0	0	0	0	0	0	0	0	1	0	0	0	0	0	0	<=	1  x11
0	0	0	0	0	0	0	0	0	0	0	5	0	0	0	0	0	<=	1  x12
0	0	0	0	0	0	0	0	0	0	0	0	3	0	0	0	0	<=	1  x13
0	0	0	0	0	0	0	0	0	0	0	0	0	1	0	0	0	<=	1  x14
0	0	0	0	0	0	0	0	0	0	0	0	0	0	1	0	0	<=	1  x15
0	0	0	0	0	0	0	0	0	0	0	0	0	0	0	1	0	<=	1  x16
0	0	0	0	0	0	0	0	0	0	0	0	0	0	0	0	3	<=	1  x17
0	0	0	0	0	0	1	0	0	1	1	0	0	0	0	0	0	<=	1  x18
0	0	0	0	0	0	1	0	0	0	0	1	0	1	0	0	0	<=	1  x19
0	0	0	1	0	0	0	0	0	0	0	0	0	0	0	1	0	<=	1  x20
0	0	0	1	0	0	0	0	0	0	0	0	0	0	1	0	0	<=	1  x21
0	0	0	1	0	1	0	0	0	0	0	0	0	0	0	0	0	<=	1  x22
0	0	1	0	0	0	0	0	0	0	1	0	0	0	0	0	0	<=	1  x23
1	0	0	0	0	0	0	0	0	0	0	0	0	0	0	1	0	<=	1  x24
0	0	0	0	1	0	0	0	0	0	0	2	0	0	0	0	0	<=	1  x25
1	0	0	0	1	0	0	0	0	0	0	0	0	0	0	0	0	<=	1  x26
0	0	0	0	0	0	3	0	0	1	0	0	0	0	0	0	0	<=	1  x27
2	0	0	0	0	0	0	0	0	2	0	0	0	0	0	0	0	<=	1  x28
0	0	0	0	0	0	0	0	0	1	0	1	0	0	1	0	0	<=	1  x29
0	0	0	0	0	0	0	0	0	2	0	0	0	1	0	0	0	<=	1  x30
0	0	1	0	0	0	1	0	0	0	0	0	1	0	0	0	0	<=	1  x31
0	1	0	0	0	0	0	1	0	0	0	0	1	0	0	0	0	<=	1  x32
0	1	0	0	0	0	0	1	1	0	0	0	0	0	0	0	0	<=	1  x33


MP-18
c1	c2	c3	c4	c5	c6	c7	c8	c9	c10	c11	c12	c13	c14	c15	c16	c17	
-------------------------------------------------------------------------------------------------------------------------------------------------------------------------------------------
2	1	1	2	1	1	2	1	1	1	1	1	1	1	1	1	1	
-------------------------------------------------------------------------------------------------------------------------------------------------------------------------------------------
3	0	0	0	0	0	0	0	0	0	0	0	0	0	0	0	0	<=	1  x1
0	2	0	0	0	0	0	0	0	0	0	0	0	0	0	0	0	<=	1  x2
0	0	2	0	0	0	0	0	0	0	0	0	0	0	0	0	0	<=	1  x3
0	0	0	2	0	0	0	0	0	0	0	0	0	0	0	0	0	<=	1  x4
0	0	0	0	1	0	0	0	0	0	0	0	0	0	0	0	0	<=	1  x5
0	0	0	0	0	1	0	0	0	0	0	0	0	0	0	0	0	<=	1  x6
0	0	0	0	0	0	3	0	0	0	0	0	0	0	0	0	0	<=	1  x7
0	0	0	0	0	0	0	4	0	0	0	0	0	0	0	0	0	<=	1  x8
0	0	0	0	0	0	0	0	3	0	0	0	0	0	0	0	0	<=	1  x9
0	0	0	0	0	0	0	0	0	4	0	0	0	0	0	0	0	<=	1  x10
0	0	0	0	0	0	0	0	0	0	1	0	0	0	0	0	0	<=	1  x11
0	0	0	0	0	0	0	0	0	0	0	5	0	0	0	0	0	<=	1  x12
0	0	0	0	0	0	0	0	0	0	0	0	3	0	0	0	0	<=	1  x13
0	0	0	0	0	0	0	0	0	0	0	0	0	1	0	0	0	<=	1  x14
0	0	0	0	0	0	0	0	0	0	0	0	0	0	1	0	0	<=	1  x15
0	0	0	0	0	0	0	0	0	0	0	0	0	0	0	1	0	<=	1  x16
0	0	0	0	0	0	0	0	0	0	0	0	0	0	0	0	3	<=	1  x17
0	0	0	0	0	0	1	0	0	1	1	0	0	0	0	0	0	<=	1  x18
0	0	0	0	0	0	1	0	0	0	0	1	0	1	0	0	0	<=	1  x19
0	0	0	1	0	0	0	0	0	0	0	0	0	0	0	1	0	<=	1  x20
0	0	0	1	0	0	0	0	0	0	0	0	0	0	1	0	0	<=	1  x21
0	0	0	1	0	1	0	0	0	0	0	0	0	0	0	0	0	<=	1  x22
0	0	1	0	0	0	0	0	0	0	1	0	0	0	0	0	0	<=	1  x23
1	0	0	0	0	0	0	0	0	0	0	0	0	0	0	1	0	<=	1  x24
0	0	0	0	1	0	0	0	0	0	0	2	0	0	0	0	0	<=	1  x25
1	0	0	0	1	0	0	0	0	0	0	0	0	0	0	0	0	<=	1  x26
0	0	0	0	0	0	3	0	0	1	0	0	0	0	0	0	0	<=	1  x27
2	0	0	0	0	0	0	0	0	2	0	0	0	0	0	0	0	<=	1  x28
0	0	0	0	0	0	0	0	0	1	0	1	0	0	1	0	0	<=	1  x29
0	0	0	0	0	0	0	0	0	2	0	0	0	1	0	0	0	<=	1  x30
0	0	1	0	0	0	1	0	0	0	0	0	1	0	0	0	0	<=	1  x31
0	1	0	0	0	0	0	1	0	0	0	0	1	0	0	0	0	<=	1  x32
0	1	0	0	0	0	0	1	1	0	0	0	0	0	0	0	0	<=	1  x33
1	0	0	0	0	0	0	3	0	0	0	0	0	0	0	0	0	<=	1  x34


MP-19
c1	c2	c3	c4	c5	c6	c7	c8	c9	c10	c11	c12	c13	c14	c15	c16	c17	
-------------------------------------------------------------------------------------------------------------------------------------------------------------------------------------------
2	1	1	2	1	1	2	1	1	1	1	1	1	1	1	1	1	
-------------------------------------------------------------------------------------------------------------------------------------------------------------------------------------------
3	0	0	0	0	0	0	0	0	0	0	0	0	0	0	0	0	<=	1  x1
0	2	0	0	0	0	0	0	0	0	0	0	0	0	0	0	0	<=	1  x2
0	0	2	0	0	0	0	0	0	0	0	0	0	0	0	0	0	<=	1  x3
0	0	0	2	0	0	0	0	0	0	0	0	0	0	0	0	0	<=	1  x4
0	0	0	0	1	0	0	0	0	0	0	0	0	0	0	0	0	<=	1  x5
0	0	0	0	0	1	0	0	0	0	0	0	0	0	0	0	0	<=	1  x6
0	0	0	0	0	0	3	0	0	0	0	0	0	0	0	0	0	<=	1  x7
0	0	0	0	0	0	0	4	0	0	0	0	0	0	0	0	0	<=	1  x8
0	0	0	0	0	0	0	0	3	0	0	0	0	0	0	0	0	<=	1  x9
0	0	0	0	0	0	0	0	0	4	0	0	0	0	0	0	0	<=	1  x10
0	0	0	0	0	0	0	0	0	0	1	0	0	0	0	0	0	<=	1  x11
0	0	0	0	0	0	0	0	0	0	0	5	0	0	0	0	0	<=	1  x12
0	0	0	0	0	0	0	0	0	0	0	0	3	0	0	0	0	<=	1  x13
0	0	0	0	0	0	0	0	0	0	0	0	0	1	0	0	0	<=	1  x14
0	0	0	0	0	0	0	0	0	0	0	0	0	0	1	0	0	<=	1  x15
0	0	0	0	0	0	0	0	0	0	0	0	0	0	0	1	0	<=	1  x16
0	0	0	0	0	0	0	0	0	0	0	0	0	0	0	0	3	<=	1  x17
0	0	0	0	0	0	1	0	0	1	1	0	0	0	0	0	0	<=	1  x18
0	0	0	0	0	0	1	0	0	0	0	1	0	1	0	0	0	<=	1  x19
0	0	0	1	0	0	0	0	0	0	0	0	0	0	0	1	0	<=	1  x20
0	0	0	1	0	0	0	0	0	0	0	0	0	0	1	0	0	<=	1  x21
0	0	0	1	0	1	0	0	0	0	0	0	0	0	0	0	0	<=	1  x22
0	0	1	0	0	0	0	0	0	0	1	0	0	0	0	0	0	<=	1  x23
1	0	0	0	0	0	0	0	0	0	0	0	0	0	0	1	0	<=	1  x24
0	0	0	0	1	0	0	0	0	0	0	2	0	0	0	0	0	<=	1  x25
1	0	0	0	1	0	0	0	0	0	0	0	0	0	0	0	0	<=	1  x26
0	0	0	0	0	0	3	0	0	1	0	0	0	0	0	0	0	<=	1  x27
2	0	0	0	0	0	0	0	0	2	0	0	0	0	0	0	0	<=	1  x28
0	0	0	0	0	0	0	0	0	1	0	1	0	0	1	0	0	<=	1  x29
0	0	0	0	0	0	0	0	0	2	0	0	0	1	0	0	0	<=	1  x30
0	0	1	0	0	0	1	0	0	0	0	0	1	0	0	0	0	<=	1  x31
0	1	0	0	0	0	0	1	0	0	0	0	1	0	0	0	0	<=	1  x32
0	1	0	0	0	0	0	1	1	0	0	0	0	0	0	0	0	<=	1  x33
1	0	0	0	0	0	0	3	0	0	0	0	0	0	0	0	0	<=	1  x34
0	0	0	0	0	0	0	1	0	0	0	1	0	0	1	0	0	<=	1  x35


MP-20
c1	c2	c3	c4	c5	c6	c7	c8	c9	c10	c11	c12	c13	c14	c15	c16	c17	
-------------------------------------------------------------------------------------------------------------------------------------------------------------------------------------------
2	1	1	2	1	1	2	1	1	1	1	1	1	1	1	1	1	
-------------------------------------------------------------------------------------------------------------------------------------------------------------------------------------------
3	0	0	0	0	0	0	0	0	0	0	0	0	0	0	0	0	<=	1  x1
0	2	0	0	0	0	0	0	0	0	0	0	0	0	0	0	0	<=	1  x2
0	0	2	0	0	0	0	0	0	0	0	0	0	0	0	0	0	<=	1  x3
0	0	0	2	0	0	0	0	0	0	0	0	0	0	0	0	0	<=	1  x4
0	0	0	0	1	0	0	0	0	0	0	0	0	0	0	0	0	<=	1  x5
0	0	0	0	0	1	0	0	0	0	0	0	0	0	0	0	0	<=	1  x6
0	0	0	0	0	0	3	0	0	0	0	0	0	0	0	0	0	<=	1  x7
0	0	0	0	0	0	0	4	0	0	0	0	0	0	0	0	0	<=	1  x8
0	0	0	0	0	0	0	0	3	0	0	0	0	0	0	0	0	<=	1  x9
0	0	0	0	0	0	0	0	0	4	0	0	0	0	0	0	0	<=	1  x10
0	0	0	0	0	0	0	0	0	0	1	0	0	0	0	0	0	<=	1  x11
0	0	0	0	0	0	0	0	0	0	0	5	0	0	0	0	0	<=	1  x12
0	0	0	0	0	0	0	0	0	0	0	0	3	0	0	0	0	<=	1  x13
0	0	0	0	0	0	0	0	0	0	0	0	0	1	0	0	0	<=	1  x14
0	0	0	0	0	0	0	0	0	0	0	0	0	0	1	0	0	<=	1  x15
0	0	0	0	0	0	0	0	0	0	0	0	0	0	0	1	0	<=	1  x16
0	0	0	0	0	0	0	0	0	0	0	0	0	0	0	0	3	<=	1  x17
0	0	0	0	0	0	1	0	0	1	1	0	0	0	0	0	0	<=	1  x18
0	0	0	0	0	0	1	0	0	0	0	1	0	1	0	0	0	<=	1  x19
0	0	0	1	0	0	0	0	0	0	0	0	0	0	0	1	0	<=	1  x20
0	0	0	1	0	0	0	0	0	0	0	0	0	0	1	0	0	<=	1  x21
0	0	0	1	0	1	0	0	0	0	0	0	0	0	0	0	0	<=	1  x22
0	0	1	0	0	0	0	0	0	0	1	0	0	0	0	0	0	<=	1  x23
1	0	0	0	0	0	0	0	0	0	0	0	0	0	0	1	0	<=	1  x24
0	0	0	0	1	0	0	0	0	0	0	2	0	0	0	0	0	<=	1  x25
1	0	0	0	1	0	0	0	0	0	0	0	0	0	0	0	0	<=	1  x26
0	0	0	0	0	0	3	0	0	1	0	0	0	0	0	0	0	<=	1  x27
2	0	0	0	0	0	0	0	0	2	0	0	0	0	0	0	0	<=	1  x28
0	0	0	0	0	0	0	0	0	1	0	1	0	0	1	0	0	<=	1  x29
0	0	0	0	0	0	0	0	0	2	0	0	0	1	0	0	0	<=	1  x30
0	0	1	0	0	0	1	0	0	0	0	0	1	0	0	0	0	<=	1  x31
0	1	0	0	0	0	0	1	0	0	0	0	1	0	0	0	0	<=	1  x32
0	1	0	0	0	0	0	1	1	0	0	0	0	0	0	0	0	<=	1  x33
1	0	0	0	0	0	0	3	0	0	0	0	0	0	0	0	0	<=	1  x34
0	0	0	0	0	0	0	1	0	0	0	1	0	0	1	0	0	<=	1  x35
0	1	0	0	0	0	0	0	0	0	1	0	0	0	0	0	0	<=	1  x36


MP-21
c1	c2	c3	c4	c5	c6	c7	c8	c9	c10	c11	c12	c13	c14	c15	c16	c17	
-------------------------------------------------------------------------------------------------------------------------------------------------------------------------------------------
2	1	1	2	1	1	2	1	1	1	1	1	1	1	1	1	1	
-------------------------------------------------------------------------------------------------------------------------------------------------------------------------------------------
3	0	0	0	0	0	0	0	0	0	0	0	0	0	0	0	0	<=	1  x1
0	2	0	0	0	0	0	0	0	0	0	0	0	0	0	0	0	<=	1  x2
0	0	2	0	0	0	0	0	0	0	0	0	0	0	0	0	0	<=	1  x3
0	0	0	2	0	0	0	0	0	0	0	0	0	0	0	0	0	<=	1  x4
0	0	0	0	1	0	0	0	0	0	0	0	0	0	0	0	0	<=	1  x5
0	0	0	0	0	1	0	0	0	0	0	0	0	0	0	0	0	<=	1  x6
0	0	0	0	0	0	3	0	0	0	0	0	0	0	0	0	0	<=	1  x7
0	0	0	0	0	0	0	4	0	0	0	0	0	0	0	0	0	<=	1  x8
0	0	0	0	0	0	0	0	3	0	0	0	0	0	0	0	0	<=	1  x9
0	0	0	0	0	0	0	0	0	4	0	0	0	0	0	0	0	<=	1  x10
0	0	0	0	0	0	0	0	0	0	1	0	0	0	0	0	0	<=	1  x11
0	0	0	0	0	0	0	0	0	0	0	5	0	0	0	0	0	<=	1  x12
0	0	0	0	0	0	0	0	0	0	0	0	3	0	0	0	0	<=	1  x13
0	0	0	0	0	0	0	0	0	0	0	0	0	1	0	0	0	<=	1  x14
0	0	0	0	0	0	0	0	0	0	0	0	0	0	1	0	0	<=	1  x15
0	0	0	0	0	0	0	0	0	0	0	0	0	0	0	1	0	<=	1  x16
0	0	0	0	0	0	0	0	0	0	0	0	0	0	0	0	3	<=	1  x17
0	0	0	0	0	0	1	0	0	1	1	0	0	0	0	0	0	<=	1  x18
0	0	0	0	0	0	1	0	0	0	0	1	0	1	0	0	0	<=	1  x19
0	0	0	1	0	0	0	0	0	0	0	0	0	0	0	1	0	<=	1  x20
0	0	0	1	0	0	0	0	0	0	0	0	0	0	1	0	0	<=	1  x21
0	0	0	1	0	1	0	0	0	0	0	0	0	0	0	0	0	<=	1  x22
0	0	1	0	0	0	0	0	0	0	1	0	0	0	0	0	0	<=	1  x23
1	0	0	0	0	0	0	0	0	0	0	0	0	0	0	1	0	<=	1  x24
0	0	0	0	1	0	0	0	0	0	0	2	0	0	0	0	0	<=	1  x25
1	0	0	0	1	0	0	0	0	0	0	0	0	0	0	0	0	<=	1  x26
0	0	0	0	0	0	3	0	0	1	0	0	0	0	0	0	0	<=	1  x27
2	0	0	0	0	0	0	0	0	2	0	0	0	0	0	0	0	<=	1  x28
0	0	0	0	0	0	0	0	0	1	0	1	0	0	1	0	0	<=	1  x29
0	0	0	0	0	0	0	0	0	2	0	0	0	1	0	0	0	<=	1  x30
0	0	1	0	0	0	1	0	0	0	0	0	1	0	0	0	0	<=	1  x31
0	1	0	0	0	0	0	1	0	0	0	0	1	0	0	0	0	<=	1  x32
0	1	0	0	0	0	0	1	1	0	0	0	0	0	0	0	0	<=	1  x33
1	0	0	0	0	0	0	3	0	0	0	0	0	0	0	0	0	<=	1  x34
0	0	0	0	0	0	0	1	0	0	0	1	0	0	1	0	0	<=	1  x35
0	1	0	0	0	0	0	0	0	0	1	0	0	0	0	0	0	<=	1  x36
0	0	1	0	0	0	1	0	1	0	0	0	0	0	0	0	0	<=	1  x37


MP-22
c1	c2	c3	c4	c5	c6	c7	c8	c9	c10	c11	c12	c13	c14	c15	c16	c17	
-------------------------------------------------------------------------------------------------------------------------------------------------------------------------------------------
2	1	1	2	1	1	2	1	1	1	1	1	1	1	1	1	1	
-------------------------------------------------------------------------------------------------------------------------------------------------------------------------------------------
3	0	0	0	0	0	0	0	0	0	0	0	0	0	0	0	0	<=	1  x1
0	2	0	0	0	0	0	0	0	0	0	0	0	0	0	0	0	<=	1  x2
0	0	2	0	0	0	0	0	0	0	0	0	0	0	0	0	0	<=	1  x3
0	0	0	2	0	0	0	0	0	0	0	0	0	0	0	0	0	<=	1  x4
0	0	0	0	1	0	0	0	0	0	0	0	0	0	0	0	0	<=	1  x5
0	0	0	0	0	1	0	0	0	0	0	0	0	0	0	0	0	<=	1  x6
0	0	0	0	0	0	3	0	0	0	0	0	0	0	0	0	0	<=	1  x7
0	0	0	0	0	0	0	4	0	0	0	0	0	0	0	0	0	<=	1  x8
0	0	0	0	0	0	0	0	3	0	0	0	0	0	0	0	0	<=	1  x9
0	0	0	0	0	0	0	0	0	4	0	0	0	0	0	0	0	<=	1  x10
0	0	0	0	0	0	0	0	0	0	1	0	0	0	0	0	0	<=	1  x11
0	0	0	0	0	0	0	0	0	0	0	5	0	0	0	0	0	<=	1  x12
0	0	0	0	0	0	0	0	0	0	0	0	3	0	0	0	0	<=	1  x13
0	0	0	0	0	0	0	0	0	0	0	0	0	1	0	0	0	<=	1  x14
0	0	0	0	0	0	0	0	0	0	0	0	0	0	1	0	0	<=	1  x15
0	0	0	0	0	0	0	0	0	0	0	0	0	0	0	1	0	<=	1  x16
0	0	0	0	0	0	0	0	0	0	0	0	0	0	0	0	3	<=	1  x17
0	0	0	0	0	0	1	0	0	1	1	0	0	0	0	0	0	<=	1  x18
0	0	0	0	0	0	1	0	0	0	0	1	0	1	0	0	0	<=	1  x19
0	0	0	1	0	0	0	0	0	0	0	0	0	0	0	1	0	<=	1  x20
0	0	0	1	0	0	0	0	0	0	0	0	0	0	1	0	0	<=	1  x21
0	0	0	1	0	1	0	0	0	0	0	0	0	0	0	0	0	<=	1  x22
0	0	1	0	0	0	0	0	0	0	1	0	0	0	0	0	0	<=	1  x23
1	0	0	0	0	0	0	0	0	0	0	0	0	0	0	1	0	<=	1  x24
0	0	0	0	1	0	0	0	0	0	0	2	0	0	0	0	0	<=	1  x25
1	0	0	0	1	0	0	0	0	0	0	0	0	0	0	0	0	<=	1  x26
0	0	0	0	0	0	3	0	0	1	0	0	0	0	0	0	0	<=	1  x27
2	0	0	0	0	0	0	0	0	2	0	0	0	0	0	0	0	<=	1  x28
0	0	0	0	0	0	0	0	0	1	0	1	0	0	1	0	0	<=	1  x29
0	0	0	0	0	0	0	0	0	2	0	0	0	1	0	0	0	<=	1  x30
0	0	1	0	0	0	1	0	0	0	0	0	1	0	0	0	0	<=	1  x31
0	1	0	0	0	0	0	1	0	0	0	0	1	0	0	0	0	<=	1  x32
0	1	0	0	0	0	0	1	1	0	0	0	0	0	0	0	0	<=	1  x33
1	0	0	0	0	0	0	3	0	0	0	0	0	0	0	0	0	<=	1  x34
0	0	0	0	0	0	0	1	0	0	0	1	0	0	1	0	0	<=	1  x35
0	1	0	0	0	0	0	0	0	0	1	0	0	0	0	0	0	<=	1  x36
0	0	1	0	0	0	1	0	1	0	0	0	0	0	0	0	0	<=	1  x37
1	1	0	0	0	0	1	0	0	0	0	0	0	0	0	0	0	<=	1  x38


MP-23
c1	c2	c3	c4	c5	c6	c7	c8	c9	c10	c11	c12	c13	c14	c15	c16	c17	
-------------------------------------------------------------------------------------------------------------------------------------------------------------------------------------------
2	1	1	2	1	1	2	1	1	1	1	1	1	1	1	1	1	
-------------------------------------------------------------------------------------------------------------------------------------------------------------------------------------------
3	0	0	0	0	0	0	0	0	0	0	0	0	0	0	0	0	<=	1  x1
0	2	0	0	0	0	0	0	0	0	0	0	0	0	0	0	0	<=	1  x2
0	0	2	0	0	0	0	0	0	0	0	0	0	0	0	0	0	<=	1  x3
0	0	0	2	0	0	0	0	0	0	0	0	0	0	0	0	0	<=	1  x4
0	0	0	0	1	0	0	0	0	0	0	0	0	0	0	0	0	<=	1  x5
0	0	0	0	0	1	0	0	0	0	0	0	0	0	0	0	0	<=	1  x6
0	0	0	0	0	0	3	0	0	0	0	0	0	0	0	0	0	<=	1  x7
0	0	0	0	0	0	0	4	0	0	0	0	0	0	0	0	0	<=	1  x8
0	0	0	0	0	0	0	0	3	0	0	0	0	0	0	0	0	<=	1  x9
0	0	0	0	0	0	0	0	0	4	0	0	0	0	0	0	0	<=	1  x10
0	0	0	0	0	0	0	0	0	0	1	0	0	0	0	0	0	<=	1  x11
0	0	0	0	0	0	0	0	0	0	0	5	0	0	0	0	0	<=	1  x12
0	0	0	0	0	0	0	0	0	0	0	0	3	0	0	0	0	<=	1  x13
0	0	0	0	0	0	0	0	0	0	0	0	0	1	0	0	0	<=	1  x14
0	0	0	0	0	0	0	0	0	0	0	0	0	0	1	0	0	<=	1  x15
0	0	0	0	0	0	0	0	0	0	0	0	0	0	0	1	0	<=	1  x16
0	0	0	0	0	0	0	0	0	0	0	0	0	0	0	0	3	<=	1  x17
0	0	0	0	0	0	1	0	0	1	1	0	0	0	0	0	0	<=	1  x18
0	0	0	0	0	0	1	0	0	0	0	1	0	1	0	0	0	<=	1  x19
0	0	0	1	0	0	0	0	0	0	0	0	0	0	0	1	0	<=	1  x20
0	0	0	1	0	0	0	0	0	0	0	0	0	0	1	0	0	<=	1  x21
0	0	0	1	0	1	0	0	0	0	0	0	0	0	0	0	0	<=	1  x22
0	0	1	0	0	0	0	0	0	0	1	0	0	0	0	0	0	<=	1  x23
1	0	0	0	0	0	0	0	0	0	0	0	0	0	0	1	0	<=	1  x24
0	0	0	0	1	0	0	0	0	0	0	2	0	0	0	0	0	<=	1  x25
1	0	0	0	1	0	0	0	0	0	0	0	0	0	0	0	0	<=	1  x26
0	0	0	0	0	0	3	0	0	1	0	0	0	0	0	0	0	<=	1  x27
2	0	0	0	0	0	0	0	0	2	0	0	0	0	0	0	0	<=	1  x28
0	0	0	0	0	0	0	0	0	1	0	1	0	0	1	0	0	<=	1  x29
0	0	0	0	0	0	0	0	0	2	0	0	0	1	0	0	0	<=	1  x30
0	0	1	0	0	0	1	0	0	0	0	0	1	0	0	0	0	<=	1  x31
0	1	0	0	0	0	0	1	0	0	0	0	1	0	0	0	0	<=	1  x32
0	1	0	0	0	0	0	1	1	0	0	0	0	0	0	0	0	<=	1  x33
1	0	0	0	0	0	0	3	0	0	0	0	0	0	0	0	0	<=	1  x34
0	0	0	0	0	0	0	1	0	0	0	1	0	0	1	0	0	<=	1  x35
0	1	0	0	0	0	0	0	0	0	1	0	0	0	0	0	0	<=	1  x36
0	0	1	0	0	0	1	0	1	0	0	0	0	0	0	0	0	<=	1  x37
1	1	0	0	0	0	1	0	0	0	0	0	0	0	0	0	0	<=	1  x38
0	0	0	0	0	0	0	0	1	0	0	0	0	0	0	1	0	<=	1  x39


MP-24
c1	c2	c3	c4	c5	c6	c7	c8	c9	c10	c11	c12	c13	c14	c15	c16	c17	
-------------------------------------------------------------------------------------------------------------------------------------------------------------------------------------------
2	1	1	2	1	1	2	1	1	1	1	1	1	1	1	1	1	
-------------------------------------------------------------------------------------------------------------------------------------------------------------------------------------------
3	0	0	0	0	0	0	0	0	0	0	0	0	0	0	0	0	<=	1  x1
0	2	0	0	0	0	0	0	0	0	0	0	0	0	0	0	0	<=	1  x2
0	0	2	0	0	0	0	0	0	0	0	0	0	0	0	0	0	<=	1  x3
0	0	0	2	0	0	0	0	0	0	0	0	0	0	0	0	0	<=	1  x4
0	0	0	0	1	0	0	0	0	0	0	0	0	0	0	0	0	<=	1  x5
0	0	0	0	0	1	0	0	0	0	0	0	0	0	0	0	0	<=	1  x6
0	0	0	0	0	0	3	0	0	0	0	0	0	0	0	0	0	<=	1  x7
0	0	0	0	0	0	0	4	0	0	0	0	0	0	0	0	0	<=	1  x8
0	0	0	0	0	0	0	0	3	0	0	0	0	0	0	0	0	<=	1  x9
0	0	0	0	0	0	0	0	0	4	0	0	0	0	0	0	0	<=	1  x10
0	0	0	0	0	0	0	0	0	0	1	0	0	0	0	0	0	<=	1  x11
0	0	0	0	0	0	0	0	0	0	0	5	0	0	0	0	0	<=	1  x12
0	0	0	0	0	0	0	0	0	0	0	0	3	0	0	0	0	<=	1  x13
0	0	0	0	0	0	0	0	0	0	0	0	0	1	0	0	0	<=	1  x14
0	0	0	0	0	0	0	0	0	0	0	0	0	0	1	0	0	<=	1  x15
0	0	0	0	0	0	0	0	0	0	0	0	0	0	0	1	0	<=	1  x16
0	0	0	0	0	0	0	0	0	0	0	0	0	0	0	0	3	<=	1  x17
0	0	0	0	0	0	1	0	0	1	1	0	0	0	0	0	0	<=	1  x18
0	0	0	0	0	0	1	0	0	0	0	1	0	1	0	0	0	<=	1  x19
0	0	0	1	0	0	0	0	0	0	0	0	0	0	0	1	0	<=	1  x20
0	0	0	1	0	0	0	0	0	0	0	0	0	0	1	0	0	<=	1  x21
0	0	0	1	0	1	0	0	0	0	0	0	0	0	0	0	0	<=	1  x22
0	0	1	0	0	0	0	0	0	0	1	0	0	0	0	0	0	<=	1  x23
1	0	0	0	0	0	0	0	0	0	0	0	0	0	0	1	0	<=	1  x24
0	0	0	0	1	0	0	0	0	0	0	2	0	0	0	0	0	<=	1  x25
1	0	0	0	1	0	0	0	0	0	0	0	0	0	0	0	0	<=	1  x26
0	0	0	0	0	0	3	0	0	1	0	0	0	0	0	0	0	<=	1  x27
2	0	0	0	0	0	0	0	0	2	0	0	0	0	0	0	0	<=	1  x28
0	0	0	0	0	0	0	0	0	1	0	1	0	0	1	0	0	<=	1  x29
0	0	0	0	0	0	0	0	0	2	0	0	0	1	0	0	0	<=	1  x30
0	0	1	0	0	0	1	0	0	0	0	0	1	0	0	0	0	<=	1  x31
0	1	0	0	0	0	0	1	0	0	0	0	1	0	0	0	0	<=	1  x32
0	1	0	0	0	0	0	1	1	0	0	0	0	0	0	0	0	<=	1  x33
1	0	0	0	0	0	0	3	0	0	0	0	0	0	0	0	0	<=	1  x34
0	0	0	0	0	0	0	1	0	0	0	1	0	0	1	0	0	<=	1  x35
0	1	0	0	0	0	0	0	0	0	1	0	0	0	0	0	0	<=	1  x36
0	0	1	0	0	0	1	0	1	0	0	0	0	0	0	0	0	<=	1  x37
1	1	0	0	0	0	1	0	0	0	0	0	0	0	0	0	0	<=	1  x38
0	0	0	0	0	0	0	0	1	0	0	0	0	0	0	1	0	<=	1  x39
0	0	0	0	1	0	0	0	0	0	0	0	1	0	0	0	0	<=	1  x40


MP-25
c1	c2	c3	c4	c5	c6	c7	c8	c9	c10	c11	c12	c13	c14	c15	c16	c17	
-------------------------------------------------------------------------------------------------------------------------------------------------------------------------------------------
2	1	1	2	1	1	2	1	1	1	1	1	1	1	1	1	1	
-------------------------------------------------------------------------------------------------------------------------------------------------------------------------------------------
3	0	0	0	0	0	0	0	0	0	0	0	0	0	0	0	0	<=	1  x1
0	2	0	0	0	0	0	0	0	0	0	0	0	0	0	0	0	<=	1  x2
0	0	2	0	0	0	0	0	0	0	0	0	0	0	0	0	0	<=	1  x3
0	0	0	2	0	0	0	0	0	0	0	0	0	0	0	0	0	<=	1  x4
0	0	0	0	1	0	0	0	0	0	0	0	0	0	0	0	0	<=	1  x5
0	0	0	0	0	1	0	0	0	0	0	0	0	0	0	0	0	<=	1  x6
0	0	0	0	0	0	3	0	0	0	0	0	0	0	0	0	0	<=	1  x7
0	0	0	0	0	0	0	4	0	0	0	0	0	0	0	0	0	<=	1  x8
0	0	0	0	0	0	0	0	3	0	0	0	0	0	0	0	0	<=	1  x9
0	0	0	0	0	0	0	0	0	4	0	0	0	0	0	0	0	<=	1  x10
0	0	0	0	0	0	0	0	0	0	1	0	0	0	0	0	0	<=	1  x11
0	0	0	0	0	0	0	0	0	0	0	5	0	0	0	0	0	<=	1  x12
0	0	0	0	0	0	0	0	0	0	0	0	3	0	0	0	0	<=	1  x13
0	0	0	0	0	0	0	0	0	0	0	0	0	1	0	0	0	<=	1  x14
0	0	0	0	0	0	0	0	0	0	0	0	0	0	1	0	0	<=	1  x15
0	0	0	0	0	0	0	0	0	0	0	0	0	0	0	1	0	<=	1  x16
0	0	0	0	0	0	0	0	0	0	0	0	0	0	0	0	3	<=	1  x17
0	0	0	0	0	0	1	0	0	1	1	0	0	0	0	0	0	<=	1  x18
0	0	0	0	0	0	1	0	0	0	0	1	0	1	0	0	0	<=	1  x19
0	0	0	1	0	0	0	0	0	0	0	0	0	0	0	1	0	<=	1  x20
0	0	0	1	0	0	0	0	0	0	0	0	0	0	1	0	0	<=	1  x21
0	0	0	1	0	1	0	0	0	0	0	0	0	0	0	0	0	<=	1  x22
0	0	1	0	0	0	0	0	0	0	1	0	0	0	0	0	0	<=	1  x23
1	0	0	0	0	0	0	0	0	0	0	0	0	0	0	1	0	<=	1  x24
0	0	0	0	1	0	0	0	0	0	0	2	0	0	0	0	0	<=	1  x25
1	0	0	0	1	0	0	0	0	0	0	0	0	0	0	0	0	<=	1  x26
0	0	0	0	0	0	3	0	0	1	0	0	0	0	0	0	0	<=	1  x27
2	0	0	0	0	0	0	0	0	2	0	0	0	0	0	0	0	<=	1  x28
0	0	0	0	0	0	0	0	0	1	0	1	0	0	1	0	0	<=	1  x29
0	0	0	0	0	0	0	0	0	2	0	0	0	1	0	0	0	<=	1  x30
0	0	1	0	0	0	1	0	0	0	0	0	1	0	0	0	0	<=	1  x31
0	1	0	0	0	0	0	1	0	0	0	0	1	0	0	0	0	<=	1  x32
0	1	0	0	0	0	0	1	1	0	0	0	0	0	0	0	0	<=	1  x33
1	0	0	0	0	0	0	3	0	0	0	0	0	0	0	0	0	<=	1  x34
0	0	0	0	0	0	0	1	0	0	0	1	0	0	1	0	0	<=	1  x35
0	1	0	0	0	0	0	0	0	0	1	0	0	0	0	0	0	<=	1  x36
0	0	1	0	0	0	1	0	1	0	0	0	0	0	0	0	0	<=	1  x37
1	1	0	0	0	0	1	0	0	0	0	0	0	0	0	0	0	<=	1  x38
0	0	0	0	0	0	0	0	1	0	0	0	0	0	0	1	0	<=	1  x39
0	0	0	0	1	0	0	0	0	0	0	0	1	0	0	0	0	<=	1  x40
0	0	0	0	0	0	0	0	0	0	0	0	0	0	0	1	1	<=	1  x41


MP-26
c1	c2	c3	c4	c5	c6	c7	c8	c9	c10	c11	c12	c13	c14	c15	c16	c17	
-------------------------------------------------------------------------------------------------------------------------------------------------------------------------------------------
2	1	1	2	1	1	2	1	1	1	1	1	1	1	1	1	1	
-------------------------------------------------------------------------------------------------------------------------------------------------------------------------------------------
3	0	0	0	0	0	0	0	0	0	0	0	0	0	0	0	0	<=	1  x1
0	2	0	0	0	0	0	0	0	0	0	0	0	0	0	0	0	<=	1  x2
0	0	2	0	0	0	0	0	0	0	0	0	0	0	0	0	0	<=	1  x3
0	0	0	2	0	0	0	0	0	0	0	0	0	0	0	0	0	<=	1  x4
0	0	0	0	1	0	0	0	0	0	0	0	0	0	0	0	0	<=	1  x5
0	0	0	0	0	1	0	0	0	0	0	0	0	0	0	0	0	<=	1  x6
0	0	0	0	0	0	3	0	0	0	0	0	0	0	0	0	0	<=	1  x7
0	0	0	0	0	0	0	4	0	0	0	0	0	0	0	0	0	<=	1  x8
0	0	0	0	0	0	0	0	3	0	0	0	0	0	0	0	0	<=	1  x9
0	0	0	0	0	0	0	0	0	4	0	0	0	0	0	0	0	<=	1  x10
0	0	0	0	0	0	0	0	0	0	1	0	0	0	0	0	0	<=	1  x11
0	0	0	0	0	0	0	0	0	0	0	5	0	0	0	0	0	<=	1  x12
0	0	0	0	0	0	0	0	0	0	0	0	3	0	0	0	0	<=	1  x13
0	0	0	0	0	0	0	0	0	0	0	0	0	1	0	0	0	<=	1  x14
0	0	0	0	0	0	0	0	0	0	0	0	0	0	1	0	0	<=	1  x15
0	0	0	0	0	0	0	0	0	0	0	0	0	0	0	1	0	<=	1  x16
0	0	0	0	0	0	0	0	0	0	0	0	0	0	0	0	3	<=	1  x17
0	0	0	0	0	0	1	0	0	1	1	0	0	0	0	0	0	<=	1  x18
0	0	0	0	0	0	1	0	0	0	0	1	0	1	0	0	0	<=	1  x19
0	0	0	1	0	0	0	0	0	0	0	0	0	0	0	1	0	<=	1  x20
0	0	0	1	0	0	0	0	0	0	0	0	0	0	1	0	0	<=	1  x21
0	0	0	1	0	1	0	0	0	0	0	0	0	0	0	0	0	<=	1  x22
0	0	1	0	0	0	0	0	0	0	1	0	0	0	0	0	0	<=	1  x23
1	0	0	0	0	0	0	0	0	0	0	0	0	0	0	1	0	<=	1  x24
0	0	0	0	1	0	0	0	0	0	0	2	0	0	0	0	0	<=	1  x25
1	0	0	0	1	0	0	0	0	0	0	0	0	0	0	0	0	<=	1  x26
0	0	0	0	0	0	3	0	0	1	0	0	0	0	0	0	0	<=	1  x27
2	0	0	0	0	0	0	0	0	2	0	0	0	0	0	0	0	<=	1  x28
0	0	0	0	0	0	0	0	0	1	0	1	0	0	1	0	0	<=	1  x29
0	0	0	0	0	0	0	0	0	2	0	0	0	1	0	0	0	<=	1  x30
0	0	1	0	0	0	1	0	0	0	0	0	1	0	0	0	0	<=	1  x31
0	1	0	0	0	0	0	1	0	0	0	0	1	0	0	0	0	<=	1  x32
0	1	0	0	0	0	0	1	1	0	0	0	0	0	0	0	0	<=	1  x33
1	0	0	0	0	0	0	3	0	0	0	0	0	0	0	0	0	<=	1  x34
0	0	0	0	0	0	0	1	0	0	0	1	0	0	1	0	0	<=	1  x35
0	1	0	0	0	0	0	0	0	0	1	0	0	0	0	0	0	<=	1  x36
0	0	1	0	0	0	1	0	1	0	0	0	0	0	0	0	0	<=	1  x37
1	1	0	0	0	0	1	0	0	0	0	0	0	0	0	0	0	<=	1  x38
0	0	0	0	0	0	0	0	1	0	0	0	0	0	0	1	0	<=	1  x39
0	0	0	0	1	0	0	0	0	0	0	0	1	0	0	0	0	<=	1  x40
0	0	0	0	0	0	0	0	0	0	0	0	0	0	0	1	1	<=	1  x41
0	0	0	0	0	0	0	0	0	0	1	1	1	0	0	0	0	<=	1  x42


MP-27
c1	c2	c3	c4	c5	c6	c7	c8	c9	c10	c11	c12	c13	c14	c15	c16	c17	
-------------------------------------------------------------------------------------------------------------------------------------------------------------------------------------------
2	1	1	2	1	1	2	1	1	1	1	1	1	1	1	1	1	
-------------------------------------------------------------------------------------------------------------------------------------------------------------------------------------------
3	0	0	0	0	0	0	0	0	0	0	0	0	0	0	0	0	<=	1  x1
0	2	0	0	0	0	0	0	0	0	0	0	0	0	0	0	0	<=	1  x2
0	0	2	0	0	0	0	0	0	0	0	0	0	0	0	0	0	<=	1  x3
0	0	0	2	0	0	0	0	0	0	0	0	0	0	0	0	0	<=	1  x4
0	0	0	0	1	0	0	0	0	0	0	0	0	0	0	0	0	<=	1  x5
0	0	0	0	0	1	0	0	0	0	0	0	0	0	0	0	0	<=	1  x6
0	0	0	0	0	0	3	0	0	0	0	0	0	0	0	0	0	<=	1  x7
0	0	0	0	0	0	0	4	0	0	0	0	0	0	0	0	0	<=	1  x8
0	0	0	0	0	0	0	0	3	0	0	0	0	0	0	0	0	<=	1  x9
0	0	0	0	0	0	0	0	0	4	0	0	0	0	0	0	0	<=	1  x10
0	0	0	0	0	0	0	0	0	0	1	0	0	0	0	0	0	<=	1  x11
0	0	0	0	0	0	0	0	0	0	0	5	0	0	0	0	0	<=	1  x12
0	0	0	0	0	0	0	0	0	0	0	0	3	0	0	0	0	<=	1  x13
0	0	0	0	0	0	0	0	0	0	0	0	0	1	0	0	0	<=	1  x14
0	0	0	0	0	0	0	0	0	0	0	0	0	0	1	0	0	<=	1  x15
0	0	0	0	0	0	0	0	0	0	0	0	0	0	0	1	0	<=	1  x16
0	0	0	0	0	0	0	0	0	0	0	0	0	0	0	0	3	<=	1  x17
0	0	0	0	0	0	1	0	0	1	1	0	0	0	0	0	0	<=	1  x18
0	0	0	0	0	0	1	0	0	0	0	1	0	1	0	0	0	<=	1  x19
0	0	0	1	0	0	0	0	0	0	0	0	0	0	0	1	0	<=	1  x20
0	0	0	1	0	0	0	0	0	0	0	0	0	0	1	0	0	<=	1  x21
0	0	0	1	0	1	0	0	0	0	0	0	0	0	0	0	0	<=	1  x22
0	0	1	0	0	0	0	0	0	0	1	0	0	0	0	0	0	<=	1  x23
1	0	0	0	0	0	0	0	0	0	0	0	0	0	0	1	0	<=	1  x24
0	0	0	0	1	0	0	0	0	0	0	2	0	0	0	0	0	<=	1  x25
1	0	0	0	1	0	0	0	0	0	0	0	0	0	0	0	0	<=	1  x26
0	0	0	0	0	0	3	0	0	1	0	0	0	0	0	0	0	<=	1  x27
2	0	0	0	0	0	0	0	0	2	0	0	0	0	0	0	0	<=	1  x28
0	0	0	0	0	0	0	0	0	1	0	1	0	0	1	0	0	<=	1  x29
0	0	0	0	0	0	0	0	0	2	0	0	0	1	0	0	0	<=	1  x30
0	0	1	0	0	0	1	0	0	0	0	0	1	0	0	0	0	<=	1  x31
0	1	0	0	0	0	0	1	0	0	0	0	1	0	0	0	0	<=	1  x32
0	1	0	0	0	0	0	1	1	0	0	0	0	0	0	0	0	<=	1  x33
1	0	0	0	0	0	0	3	0	0	0	0	0	0	0	0	0	<=	1  x34
0	0	0	0	0	0	0	1	0	0	0	1	0	0	1	0	0	<=	1  x35
0	1	0	0	0	0	0	0	0	0	1	0	0	0	0	0	0	<=	1  x36
0	0	1	0	0	0	1	0	1	0	0	0	0	0	0	0	0	<=	1  x37
1	1	0	0	0	0	1	0	0	0	0	0	0	0	0	0	0	<=	1  x38
0	0	0	0	0	0	0	0	1	0	0	0	0	0	0	1	0	<=	1  x39
0	0	0	0	1	0	0	0	0	0	0	0	1	0	0	0	0	<=	1  x40
0	0	0	0	0	0	0	0	0	0	0	0	0	0	0	1	1	<=	1  x41
0	0	0	0	0	0	0	0	0	0	1	1	1	0	0	0	0	<=	1  x42

